Core_ID	Species	Freq	WTgroup	NEE	R	NEP
B21	B	2	2	-0.571311114	-999	-999
B210	B	2	2	-1.057983545	-999	-999
B32	B	2	2	-1.311899596	-999	-999
B42	B	2	2	-0.867546507	-999	-999
B52	B	2	2	-0.69826914	-999	-999
B21	B	2	3	-0.830405531	0.861265697	-1.691671228
B210	B	2	3	-0.791544189	0.5432166	-1.334760789
B32	B	2	3	-1.018838993	1.014335802	-2.033174796
B42	B	2	3	-1.506487327	1.04861111	-2.555098436
B52	B	2	3	-1.167226329	0.921274709	-2.088501038
B21	B	2	4	-0.185645673	0.909039029	-1.094684702
B210	B	2	4	0.270283381	0.718941701	-0.44865832
B32	B	2	4	-0.68236568	0.801080865	-1.483446545
B42	B	2	4	0.377782454	0.697536565	-0.319754112
B52	B	2	4	-0.277040466	1.251571046	-1.528611512
B12	B	4	2	-0.365737992	-999	-999
B13	B	4	2	-1.320116754	-999	-999
B25	B	4	2	-0.559363987	-999	-999
B33	B	4	2	-1.097213975	-999	-999
B53	B	4	2	-0.689885245	-999	-999
B12	B	4	3	-0.134160032	0.865751456	-0.999911488
B13	B	4	3	-0.707063834	1.005135478	-1.712199312
B25	B	4	3	-0.904094761	1.501466314	-2.405561075
B33	B	4	3	-0.627513345	1.288560307	-1.916073652
B53	B	4	3	0.032262682	1.033454323	-1.001191641
B12	B	4	4	1.240690128	0	1.240690128
B13	B	4	4	0.284491432	0.488516831	-0.204025399
B25	B	4	4	0.955311952	0.672428316	0.282883636
B33	B	4	4	0.602261883	1.007419876	-0.405157994
B53	B	4	4	0.335364775	0.268320064	0.067044711
B11	B	6	2	-1.437417527	-999	-999
B22	B	6	2	-1.001390874	-999	-999
B31	B	6	2	-0.873553741	-999	-999
B35	B	6	2	-0.78997821	-999	-999
B44	B	6	2	-1.06530944	-999	-999
B11	B	6	3	-1.864442947	0.619777329	-2.484220275
B22	B	6	3	-1.264608245	0.881492392	-2.146100637
B31	B	6	3	-0.612551784	0.934594343	-1.547146127
B35	B	6	3	-0.918963497	1.002861415	-1.921824912
B44	B	6	3	-0.770664126	1.23129096	-2.001955086
B11	B	6	4	0.138174796	0.509499708	-0.371324912
B22	B	6	4	0.298038643	0.263848063	0.03419058
B31	B	6	4	0.535343896	0.5130379	0.022305996
B35	B	6	4	0.362232086	0.51904537	-0.156813283
B44	B	6	4	0.76955685	0.448908163	0.320648688
B14	B	8	2	-1.206656646	-999	-999
B36	B	8	2	-0.875095155	-999	-999
B41	B	8	2	-1.219140883	-999	-999
B43	B	8	2	-0.532482951	-999	-999
B51	B	8	2	-0.958469313	-999	-999
B14	B	8	3	-0.97700261	0.656493995	-1.633496605
B36	B	8	3	-0.810850144	0.952964748	-1.763814892
B41	B	8	3	-1.444818633	-0.250149405	-1.194669228
B43	B	8	3	-0.545404049	1.633653853	-2.179057903
B51	B	8	3	-0.936851817	-999	-999
B14	B	8	4	0.47155824	0.82039318	-0.34883494
B36	B	8	4	0.295983404	0.699325448	-0.403342044
B41	B	8	4	-0.476163301	0.938466544	-1.414629845
B43	B	8	4	0.22935812	0.393896397	-0.164538277
B51	B	8	4	0.410955167	0.632512479	-0.221557313
B37	B	10	2	-0.979768631	-999	-999
B46	B	10	2	-1.469652946	-999	-999
B54	B	10	2	-0.941091208	-999	-999
B23	B	10	3	-0.545685766	1.110629931	-1.656315697
B28	B	10	3	-0.815231296	0.133835974	-0.94906727
B37	B	10	3	-0.482320981	0.50029881	-0.982619791
B46	B	10	3	-0.266519942	0.998344022	-1.264863964
B54	B	10	3	-0.624137142	0.647290808	-1.27142795
B23	B	10	4	0.421889035	0.620139243	-0.198250208
B28	B	10	4	0.257712061	0.348816083	-0.091104022
B37	B	10	4	0.194642013	0.265110494	-0.07046848
B46	B	10	4	0.419758282	-999	-999
B54	B	10	4	0.186918869	0.25651895	-0.069600081
F11	F	2	2	-0.577324916	-999	-999
F13	F	2	2	-0.761748153	-999	-999
F36	F	2	2	-0.781280157	-999	-999
F41	F	2	2	-0.487688448	-999	-999
F51	F	2	2	-0.380874076	-999	-999
F11	F	2	3	-1.113801365	0.502567739	-1.616369103
F13	F	2	3	-0.869400994	0.755564907	-1.624965901
F36	F	2	3	-0.875620126	1.113801365	-1.98942149
F41	F	2	3	-0.695947064	0.7859304	-1.481877464
F51	F	2	3	-0.528341231	0.520263786	-1.048605017
F11	F	2	4	-0.925672201	0.67902075	-1.604692951
F13	F	2	4	-0.621522764	0.56325012	-1.184772884
F36	F	2	4	-0.393055123	-0.705193914	0.31213879
F41	F	2	4	-0.360152606	0.249586006	-0.609738611
F51	F	2	4	-0.366671205	0.367636637	-0.734307842
F22	F	4	2	-0.846096788	-999	-999
F23	F	4	2	-0.584531308	-999	-999
F34	F	4	2	-0.925101979	-999	-999
F46	F	4	2	-0.365737992	-999	-999
F53	F	4	2	-0.365737992	-999	-999
F22	F	4	3	-0.939120224	0.124233393	-1.063353617
F23	F	4	3	-1.060441975	0.516625578	-1.577067553
F34	F	4	3	-0.67080016	0.737880176	-1.408680336
F46	F	4	3	-0.540228909	0.246806651	-0.78703556
F53	F	4	3	-1.399194273	0.459545797	-1.858740069
F22	F	4	4	-0.682563467	0.722714259	-1.405277726
F23	F	4	4	-0.508709541	0.2619768	-0.770686341
F34	F	4	4	-0.593658141	0	-0.593658141
F46	F	4	4	-0.125927484	0.267026955	-0.39295444
F53	F	4	4	-0.112503742	0.551454956	-0.663958699
F15	F	6	2	-0.403974218	-999	-999
F21	F	6	2	0.170094407	-999	-999
F32	F	6	2	-0.660491853	-999	-999
F37	F	6	2	-0.403974218	-999	-999
F43	F	6	2	-0.607729505	-999	-999
F15	F	6	3	-0.409419408	0.5432166	-0.952636008
F21	F	6	3	-0.611016567	0.125641935	-0.736658501
F32	F	6	3	-0.771342365	0.650329733	-1.421672097
F37	F	6	3	-0.76568973	-999	-999
F43	F	6	3	-0.642008133	0.127963264	-0.769971397
F15	F	6	4	-0.083320441	0.437792341	-0.521112782
F21	F	6	4	-0.297753772	0.884448436	-1.182202208
F32	F	6	4	-0.135472111	0.258312789	-0.393784899
F37	F	6	4	-0.368442563	0.787729518	-1.156172081
F43	F	6	4	-0.389588155	0.268320064	-0.657908219
F12	F	8	2	-1.024457997	-999	-999
F14	F	8	2	-0.425986361	-999	-999
F45	F	8	2	-0.489884315	-999	-999
F52	F	8	2	-0.640313528	-999	-999
F54	F	8	2	-0.425986361	-999	-999
F12	F	8	3	-0.753119713	1.206353422	-1.959473135
F14	F	8	3	-0.943690152	0.525195196	-1.468885348
F45	F	8	3	-0.420820961	0.498050276	-0.918871237
F52	F	8	3	-0.705920418	0.269625758	-0.975546176
F54	F	8	3	-1.348128788	-1.324976142	-0.023152647
F12	F	8	4	-0.445492207	-999	-999
F14	F	8	4	-0.067242832	0.494715118	-0.561957949
F45	F	8	4	-0.236667735	0.267671948	-0.504339683
F52	F	8	4	-0.300240899	0.67080016	-0.971041059
F54	F	8	4	-0.309317025	-0.397665741	0.088348715
F16	F	10	2	-0.532482951	-999	-999
F29	F	10	2	-1.192761812	-999	-999
F33	F	10	2	-0.487851601	-999	-999
F42	F	10	2	-0.489884315	-999	-999
F16	F	10	3	-0.362874162	0.487104116	-0.849978278
F29	F	10	3	-0.585392631	0.50029881	-1.085691441
F31	F	10	3	-999	0.645781972	-999
F33	F	10	3	-0.171501241	0.623965013	-0.795466254
F42	F	10	3	-0.166640882	-999	-999
F16	F	10	4	0.095296475	0.498807652	-0.403511177
F29	F	10	4	-0.145810771	0.732558925	-0.878369696
F31	F	10	4	0.129761342	-0.752146062	0.881907404
F33	F	10	4	-0.25651895	0.582530075	-0.839049025
F42	F	10	4	0	0.776502969	-0.776502969
M11	M	2	2	-0.825227165	-999	-999
M23	M	2	2	-1.206101241	-999	-999
M25	M	2	2	-0.515347587	-999	-999
M41	M	2	2	-1.523496305	-999	-999
M52	M	2	2	-1.206101241	-999	-999
M11	M	2	3	-1.51946544	0.773136184	-2.292601624
M23	M	2	3	-1.319862598	0.906207132	-2.226069729
M25	M	2	3	-1.564463808	0.899899426	-2.464363233
M41	M	2	3	-1.640286209	0.962423455	-2.602709664
M52	M	2	3	-1.337902738	1.141127778	-2.479030516
M11	M	2	4	-0.025185497	1.309884	-1.335069497
M23	M	2	4	0	0.625373513	-0.625373513
M25	M	2	4	-0.804108382	1.050390392	-1.854498774
M41	M	2	4	-0.112061312	0.897816325	-1.009877637
M52	M	2	4	-0.294315507	1.090611789	-1.384927296
M24	M	4	2	-1.246328248	-999	-999
M32	M	4	2	-1.194827081	-999	-999
M34	M	4	2	-1.33386797	-999	-999
M45	M	4	2	-1.142622438	-999	-999
M54	M	4	2	-0.946615979	-999	-999
M24	M	4	3	-1.490800714	0.97207181	-2.462872524
M32	M	4	3	-1.786943145	1.014335802	-2.801278948
M34	M	4	3	-1.606581698	0.68236568	-2.288947378
M45	M	4	3	-1.291563944	0.82086064	-2.112424584
M54	M	4	3	-1.508824506	0.778568054	-2.28739256
M24	M	4	4	-0.479493114	0.904094761	-1.383587875
M32	M	4	4	0.283107046	0.53405391	-0.250946865
M34	M	4	4	0.229274868	0.531492501	-0.302217632
M45	M	4	4	-0.495622852	0.939120224	-1.434743076
M54	M	4	4	-0.468425909	0.793433315	-1.261859224
M26	M	6	2	-0.999304643	-999	-999
M27	M	6	2	-0.500891506	-999	-999
M31	M	6	2	-0.426123776	-999	-999
M35	M	6	2	-1.530849666	-999	-999
M42	M	6	2	-0.958778496	-999	-999
M26	M	6	3	-1.758777183	0.854309807	-2.61308699
M27	M	6	3	-1.968115528	1.118100535	-3.086216063
M31	M	6	3	-1.943911623	0.66119443	-2.605106052
M35	M	6	3	-1.762984784	1.187316283	-2.950301067
M42	M	6	3	-1.957135512	1.159704276	-3.116839787
M26	M	6	4	-0.039203839	0.774938367	-0.814142206
M27	M	6	4	-0.509649914	0.767779582	-1.277429496
M31	M	6	4	0.101201997	0.881492392	-0.780290395
M35	M	6	4	0.027094422	0.626788385	-0.599693963
M42	M	6	4	-0.387731578	1.070687791	-1.458419369
M13	M	8	2	-1.235360448	-999	-999
M15	M	8	2	-0.939126508	-999	-999
M43	M	8	2	-0.663605528	-999	-999
M44	M	8	2	-0.759590138	-999	-999
M46	M	8	2	-1.086265221	-999	-999
M13	M	8	3	-1.485036732	0.948304774	-2.433341506
M15	M	8	3	-1.391830092	1.198732786	-2.590562878
M43	M	8	3	-1.504292123	1.228258224	-2.732550347
M44	M	8	3	-1.192997222	0.947945691	-2.140942913
M46	M	8	3	-1.809498539	1.123137024	-2.932635564
M13	M	8	4	-0.516302687	1.041405125	-1.557707812
M15	M	8	4	-0.743732795	0.545892544	-1.289625338
M43	M	8	4	-0.733714476	1.040527572	-1.774242048
M44	M	8	4	-0.11788956	0.96657853	-1.08446809
M46	M	8	4	-1.006290482	1.15269792	-2.158988402
M12	M	10	2	-1.21406113	-999	-999
M12	M	10	2	-1.16939905	-999	-999
M22	M	10	2	-1.150163175	-999	-999
M30	M	10	2	-0.76677545	-999	-999
M51	M	10	2	-0.981814077	-999	-999
M56	M	10	2	-0.55378227	-999	-999
M12	M	10	3	-1.265788336	1.038090739	-2.303879075
M22	M	10	3	-1.464356749	1.223136715	-2.687493464
M30	M	10	3	-1.52680079	0.941399642	-2.468200432
M51	M	10	3	-0.966694392	1.130777412	-2.097471804
M56	M	10	3	-0.749107088	-999	-999
M12	M	10	4	-0.130679465	0.672428316	-0.803107781
M22	M	10	4	0.037103634	0.780395679	-0.743292045
M30	M	10	4	0	0.925672201	-0.925672201
M51	M	10	4	0.129156394	0.662776234	-0.53361984
M56	M	10	4	0.493613302	1.130777412	-0.63716411
